0S,0C
2308 1
2532 1
2532 1
1864 1
2033 1
1993 1
1977 1
2109 1
1950 1
1960 1
1961 1
1976 1
1980 1
1985 1
2021 1
1933 1
1947 1
1978 1
1985 1
2019 1
1982 1
1999 1
2010 1
2002 1
1999 1
2769 1
2769 1
2016 1
1959 1
2150 1
2001 1
1973 1
2028 1
1951 1
1971 1
2008 1
1972 1
1998 1
2022 1
2008 1
2326 1
1959 1
1964 1
2011 1
1945 1
1943 1
2018 1
1919 1
2047 1
2044 1
1981 1
2011 1
2051 1
1974 1
1999 1
1938 1
1962 1
2008 1
1953 1
2014 1
2015 1
2016 1
1977 1
2064 1
2014 1
1981 1
2005 1
2005 1
1957 1
1933 1
2015 1
1966 1
2017 1
2017 1
2015 1
2016 1
2018 1
1946 1
1986 1
2029 1
2025 1
2034 1
2008 1
2033 1
2028 1
2039 1
2015 1
1960 1
1980 1
2046 1
2088 1
2062 1
1993 1
2025 1
1988 1
2030 1
2019 1
2018 1
2127 1
1920 1
2048 1
2009 1
1975 1
2007 1
2062 1
1970 1
2046 1
2052 1
2013 1
2051 1
2007 1
1999 1
2006 1
2029 1
1970 1
2024 1
2015 1
2000 1
1969 1
2026 1
1974 1
2015 1
1963 1
1977 1
1977 1
1986 1
2109 1
2022 1
1980 1
1954 1
2037 1
1952 1
2022 1
1988 1
2104 1
2009 1
2015 1
2033 1
1935 1
1975 1
2033 1
1979 1
2000 1
2012 1
2010 1
2015 1
2066 1
2061 1
2024 1
2005 1
1993 1
1992 1
2008 1
1981 1
2003 1
2012 1
2019 1
2053 1
2018 1
2012 1
2006 1
1959 1
2025 1
2025 1
1967 1
1957 1
2605 1
2605 1
2020 1
2316 1
2379 1
2391 1
2316 1
2500 1
2534 1
2351 1
2330 1
2419 1
2290 1
2446 1
2400 1
2354 1
2571 1
2582 1
2537 1
2328 1
2583 1
2257 1
2516 1
2274 1
2410 1
2344 1
2589 1
2602 1
2289 1
2544 1
2664 1
2405 1
2497 1
2301 1
2678 1
2604 1
2391 1
2380 1
2312 1
2535 1
2316 1
2554 1
2241 1
2318 1
2425 1
2339 1
2466 1
2554 1
2489 1
2350 1
2453 1
2565 1
2282 1
2370 1
2384 1
2427 1
2686 1
2536 1
2396 1
2594 1
2642 1
2408 1
2572 1
2323 1
2515 1
2375 1
2318 1
2514 1
1960 1
2574 1
2346 1
2608 1
2454 1
2354 1
2494 1
2274 1
2427 1
2256 1
2410 1
1805 1
2329 1
2261 1
2231 1
2313 1
2485 1
2440 1
2355 1
2296 1
2302 1
2491 1
2372 1
2340 1
2523 1
2536 1
2379 1
1963 1
2283 1
2228 1
2475 1
2521 1
2540 1
2474 1
2441 1
2482 1
2364 1
2529 1
2275 1
2621 1
2420 1
2272 1
2530 1
2207 1
2315 1
2278 1
2537 1
2374 1
1990 1
2301 1
2369 1
2465 1
2275 1
2552 1
2190 1
2136 1
2162 1
2071 1
2109 1
2615 1
2311 1
2495 1
2364 1
2376 1
2470 1
2479 1
2568 1
2545 1
2247 1
2283 1
2445 1
2533 1
2649 1
2307 1
1803 1
2611 1
2446 1
2441 1
2543 1
2493 1
1964 1
2475 1
2243 1
2450 1
2266 1
2308 1
2278 1
2344 1
2484 1
2415 1
2474 1
2237 1
1957 1
2231 1
2263 1
2425 1
2429 1
2665 1
1960 1
2299 1
1796 1
1804 1
1796 1
1795 1
1802 1
2074 1
1959 1
1802 1
1957 1
1960 1
1961 1
1771 1
1818 1
1779 1
1808 1
1809 1
